0 100 100 96 64 96 36 32 32 96 0 0 68 68 0 4 100 
64 0 36 100 100 36 4 32 4 100 32 4 4 0 96 68 36 
96 96 0 36 4 36 36 68 32 0 100 4 64 4 64 32 64 
96 36 36 0 0 64 64 96 4 4 36 32 100 100 96 96 0 
4 64 100 32 0 0 68 100 96 0 68 96 96 36 0 4 4 
4 36 96 32 100 0 32 64 32 4 68 64 68 96 0 36 68 
100 68 96 4 100 96 0 68 100 36 36 4 96 36 4 100 0 
100 4 0 4 68 64 96 0 64 96 36 100 68 96 96 68 100 
100 4 64 4 96 4 68 100 0 64 36 96 0 0 36 96 4 
0 4 0 0 36 96 100 36 0 0 64 32 68 36 36 36 0 
68 64 100 4 36 64 0 0 100 100 0 100 36 68 68 36 100 
4 0 32 4 100 32 100 4 36 32 64 0 96 64 0 4 4 
36 96 4 96 96 68 96 0 64 36 64 64 0 64 36 100 32 
68 36 96 96 36 100 0 68 36 100 0 96 68 0 32 4 32 
96 36 96 64 0 100 64 96 68 0 0 32 32 68 0 68 32 
36 64 0 100 32 4 4 4 36 0 0 68 64 100 68 0 100 
96 0 4 0 100 0 96 4 64 32 0 96 68 0 96 96 0 
